230 bundled theorems, 300 total copies
gen2             [[0,0]]
2exnaln          [[0,0]]
ax-7             [[0,1,0],[0,1,1]]
ax7v             [[0,1,0],[0,1,1]]
ax7v1            [[0,1,1]]
ax7v2            [[0,1,0]]
ax7              [[0,0,0],[0,0,1],[0,1,0],[0,1,1]]
equcomi          [[0,0]]
equcoms          [[0,0]]
equtr            [[0,0,1],[0,1,0],[0,1,1]]
equtrr           [[0,1,0],[0,1,1]]
equeuclr         [[0,0,1],[0,1,1]]
equeucl          [[0,0,1],[0,1,0]]
equequ1          [[0,1,0],[0,1,1]]
equequ2          [[0,1,0],[0,1,1]]
equtr2           [[0,0,1]]
equvinv          [[0,0,1]]
equvinva         [[0,0,1]]
alcomw           [[0,1,2,2]]
excomw           [[0,1,2,2]]
cbvaev           [[0,1,0]]
aevlem           [[0,1,0,2],[0,1,1,0],[0,1,1,2],[0,1,2,0],[0,1,2,1]]
aeveq            [[0,1,0,2],[0,1,1,2],[0,1,2,2]]
aev              [[0,1,0,0,0],[0,1,0,2,0],[0,1,2,0,2],[0,1,2,3,2]]
aev2             [[0,1,0,1,0,0],[0,1,1,1,0,0],[0,1,2,1,0,0]]
hbaev            [[0,1,0],[0,1,1]]
naev             [[0,1,2,0],[0,1,2,1]]
naev2            [[0,1,1,1,0],[0,1,2,1,0]]
hbnaev           [[0,1,1]]
sbjust           [[0,1,2,0]]
df-sb            [[0,1,2,0]]
dfsb             [[0,1,0]]
sbtlem           [[0,1,0]]
sbt              [[0,0]]
sbi1             [[0,0]]
sbimi            [[0,0]]
2sbbii           [[0,1,2,1]]
sbequ            [[0,1,0],[0,1,1]]
equsb3           [[0,1,1]]
ax-8             [[0,1,0],[0,1,1]]
ax8v             [[0,1,0],[0,1,1]]
ax8v1            [[0,1,1]]
ax8v2            [[0,1,0]]
ax8              [[0,1,0],[0,1,1]]
elequ1           [[0,1,0],[0,1,1]]
cleljust         [[0,0,1]]
ax-9             [[0,1,0],[0,1,1]]
ax9v             [[0,1,0],[0,1,1]]
ax9v1            [[0,1,1]]
ax9v2            [[0,1,0]]
ax9              [[0,0,1],[0,1,0],[0,1,1]]
elequ2           [[0,0,1],[0,1,0],[0,1,1]]
elequ2g          [[0,0,1]]
elequ12          [[0,1,0,1]]
nfnaew           [[0,1,1]]
ax-11            [[0,0]]
sbal             [[0,1,1]]
hbsbw            [[0,0,1]]
ax-12            [[0,0]]
sbequ1           [[0,0]]
sbequ2           [[0,0]]
sbequ12          [[0,0]]
sbequ12r         [[0,0]]
axc16g           [[0,1,0],[0,1,1]]
axc16nf          [[0,1,0]]
drsb2            [[0,1,0],[0,1,1]]
axc11r           [[0,0]]
ax-13            [[0,0,1]]
ax13v            [[0,0,1]]
ax13lem1         [[0,0,1]]
ax13lem2         [[0,0,1]]
nfeqf2           [[0,0,1]]
nfeqf1           [[0,0,1]]
dveeq1           [[0,0,1]]
nfeqf            [[0,0,1],[0,1,0],[0,1,1]]
axc9             [[0,0,1],[0,1,0],[0,1,1]]
axc11n           [[0,0]]
aecom            [[0,0]]
aecoms           [[0,0]]
axc11            [[0,0]]
hbae             [[0,0,1],[0,1,0],[0,1,1]]
hbnae            [[0,1,0],[0,1,1]]
nfae             [[0,0,1],[0,1,0],[0,1,1]]
nfnae            [[0,0,1],[0,1,0],[0,1,1]]
dral2            [[0,1,0]]
drex2            [[0,1,0]]
dvelimf          [[0,0,1]]
dvelimnf         [[0,0,1]]
sbcom3           [[0,0,1],[0,1,0]]
axextg           [[0,0,1]]
axextb           [[0,0,1]]
df-clab          [[0,0]]
eleq1ab          [[0,1,1]]
vexw             [[0,0]]
vextru           [[0,0]]
hbab             [[0,1,1]]
nfsab            [[0,1,1]]
nfcvf            [[0,0]]
cbvral2vw        [[0,1,2,0]]
el2v             [[0,0]]
dfsbcq2          [[0,0]]
sbsbc            [[0,0]]
n0snor2el        [[0,1,0]]
df-opab          [[0,0,1]]
axreplem         [[0,1,2,2,3,2]]
sepex            [[0,1,1]]
sepexi           [[0,1,1]]
axprlem3         [[0,0,1,2,3,4,5]]
axprlem4         [[0,0,1,0,2,3,4,5],[0,1,2,0,3,4,5,6],[0,1,2,1,3,4,5,6]]
ax-pr            [[0,0,1,2]]
zfpair2          [[0,0]]
djudisj          [[0,0]]
fmpt2d           [[0,0]]
oveqdr           [[0,0]]
xporderlem       [[0,1,2,3,2,3]]
xpord2lem        [[0,1,2,3,2,3]]
xpord3lem        [[0,1,2,3,4,2,3,4]]
rdglem1          [[0,1,2,0,3,4]]
naddov2          [[0,1,1]]
eqerlem          [[0,1,2,2]]
fiint            [[0,1,0]]
fin23lem28       [[0,1,2,3,4,5,2,6,7]]
fin23lem29       [[0,1,2,3,4,5,2,6,7]]
fin23lem30       [[0,1,2,3,4,5,2,6,7]]
fin23lem31       [[0,1,2,3,4,5,2,6,7]]
fin23lem32       [[0,1,2,3,4,5,6,2,7,8,9]]
suprlub          [[0,1,1]]
suprleub         [[0,1,0],[0,1,1]]
infregelb        [[0,1,0],[0,1,1]]
btwnz            [[0,0]]
ismnd            [[0,1,0,2]]
psrbagleadd1     [[0,0,1]]
isfild           [[0,1,0]]
metequiv         [[0,1,2,2,1]]
evthicc          [[0,1,0,1],[0,1,2,1]]
nosupcbv         [[0,1,2,3,4,5,6,7,8,9,8]]
nosupdm          [[0,1,2,3,4,2,5,6]]
noinfdm          [[0,1,2,3,4,2,5,6]]
cofcut1          [[0,1,0,1],[0,1,1,0]]
cofcut1d         [[0,1,0,1],[0,1,1,0]]
cofcut2          [[0,1,0,1,1,0,1,0]]
cofcut2d         [[0,1,0,1,1,0,1,0]]
addsval2         [[0,0,0,0,1,1,2,3],[0,0,0,0,1,2,3,4]]
addcuts          [[0,0,1,1,2,0,0,3],[0,0,1,2,3,0,0,4]]
addcuts2         [[0,0,1,1,2,0,0,3],[0,0,1,2,3,0,0,4]]
addsunif         [[0,0,0,0,1,1,1,1]]
mulsval2         [[0,1,2,3,2,1,0,3,4,4,4,4]]
mulcut           [[0,1,2,3,2,1,0,3,4,4,4,4]]
mulcut2          [[0,1,2,3,2,1,0,3,4,4,4,4]]
mulsunif         [[0,1,0,1,0,1,0,1,2,2,2,2],[0,1,0,2,0,1,0,2,3,3,3,3],[0,1,2,1,2,1,0,1,3,3,3,3]]
mulsunif2        [[0,1,0,1,0,1,0,1,2,2,2,2]]
vtxdginducedm1   [[0,1,1]]
vtxdginducedm1fi  [[0,1,1]]
norm1exi         [[0,0]]
norm1hex         [[0,0]]
fcobijfs         [[0,0,1]]
mplasclco        [[0,0]]
bnj1307          [[0,1,1,2]]
bnj1326          [[0,1,1,2,3]]
bnj1418          [[0,0]]
dvelimexcased    [[0,0,1]]
dvelimexcasei    [[0,0,1]]
axregscl         [[0,0,1]]
axsepg3          [[0,1,1]]
axtco1           [[0,1,2,0]]
axtco2           [[0,1,2,0]]
bj-hbaeb2        [[0,1,1]]
fvineqsneu       [[0,1,1]]
wl-motae         [[0,0,1,0]]
ax-c10           [[0,0]]
ax-c11           [[0,0]]
ax-c9            [[0,0,0],[0,0,1],[0,1,0],[0,1,1]]
equcomi1         [[0,0]]
aecom-o          [[0,0]]
aecoms-o         [[0,0]]
hbae-o           [[0,1,0],[0,1,1]]
axc711           [[0,0]]
axc5c711         [[0,0]]
hbnae-o          [[0,1,0],[0,1,1]]
dral2-o          [[0,1,0],[0,1,1]]
aev-o            [[0,1,2,2,0]]
cdlemk22         [[0,1,2,3,3,0]]
cdleml6          [[0,1,2,1,3,4]]
cdleml7          [[0,1,2,1,3,4]]
cdleml8          [[0,1,2,1,3,4]]
erngdvlem4       [[0,1,2,1,3,4,5]]
erngdvlem4-rN    [[0,1,2,1,3,4,5]]
cdlemn2a         [[0,0]]
aks6d1c6lem4     [[0,1,2,3,4,5,6,7,8,9,10,11,12,13,13,14]]
aks6d1c6lem5     [[0,1,2,3,4,5,6,7,8,9,10,11,12,13,13,14]]
aks6d1c7lem2     [[0,1,2,3,4,5,6,7,8,9,10,10,11]]
aks6d1c7lem3     [[0,1,2,3,4,4]]
aks6d1c7lem4     [[0,1,2,3,4,5,5]]
aks6d1c7         [[0,1,2,3,4,4]]
aks5lem6         [[0,1,2,3,4,4]]
aks5lem7         [[0,0]]
aks5lem8         [[0,1,2,2]]
mzpclval         [[0,1,0,1,1,2]]
elmzpcl          [[0,1,0,1,1]]
ax-frege58b      [[0,0]]
frege64b         [[0,1,0]]
axc5c4c711       [[0,0]]
ssfiunibd        [[0,1,2,1]]
suprltrp         [[0,1,1]]
infrpge          [[0,1,0],[0,1,1]]
rexabsle         [[0,1,1,1]]
dirkertrigeq     [[0,0,1]]
fourierdlem96    [[0,1,2,3,4,5,6,4,5,7,8]]
fourierdlem98    [[0,1,2,3,4,3,5,6]]
fourierdlem99    [[0,1,2,3,4,5,6,7,5,8,9]]
fourierdlem101   [[0,1,2,2,3,4]]
fourierdlem103   [[0,1,2,3,1,3,4,5,6,7,8,9,10]]
fourierdlem111   [[0,1,0,2,3,4,5,6]]
ovncvr2          [[0,0,1,2,3,4,5]]
cfsetsnfsetfv    [[0,1,0,2,3,4]]
cfsetsnfsetf     [[0,1,0,2,3,4]]
cfsetsnfsetf1    [[0,1,0,2,3,4]]
cfsetsnfsetfo    [[0,1,0,2,3,4]]
cfsetsnfsetf1o   [[0,1,0,2,3,4]]
df-ich           [[0,0,1]]
grlimgrtrilem2   [[0,1,2,3,4,4,5]]
mo0sn            [[0,0]]
mosssn2          [[0,0]]
upciclem4        [[0,0,1,1,2,3,2]]
upeu             [[0,0,1,1,2,3,2]]
upeu2            [[0,1,2,3,4,4]]
oppcup3lem       [[0,1,2,1]]
xpcfucco3        [[0,0]]
functhinclem4    [[0,1,0,1,2,3,4,5,6]]
functhinc        [[0,1,0,1]]
